             AAAAAA.txt          ANOTHERTEXTFILE.txt blahblah.txt        lipsum1.txt         lipsum2.txt         lipsum3.txt         lipsum4.txt         lipsum5.txt         lipsum6.txt         lipsum7.txt         lipsum8.txt         lipsum9.txt         text1.txt           text2.txt           text3.txt           total
a            1                   0                   0                   1485                1485                7425                7425                7425                22275               22275               22275               22275               0                   0                   0                   114346
ac           0                   0                   0                   1785                1785                8925                8925                8925                26775               26775               26775               26775               0                   0                   0                   137445
accumsan     0                   0                   0                   690                 690                 3450                3450                3450                10350               10350               10350               10350               0                   0                   0                   53130
adipiscing   0                   0                   0                   1515                1515                7575                7575                7575                22725               22725               22725               22725               0                   0                   0                   116655
aenean       0                   0                   0                   615                 615                 3075                3075                3075                9225                9225                9225                9225                0                   0                   0                   47355
aliqua       0                   0                   0                   15                  15                  75                  75                  75                  225                 225                 225                 225                 0                   0                   0                   1155
aliquam      0                   0                   0                   1785                1785                8925                8925                8925                26775               26775               26775               26775               0                   0                   0                   137445
aliquet      0                   0                   0                   1170                1170                5850                5850                5850                17550               17550               17550               17550               0                   0                   0                   90090
amet         0                   0                   0                   3135                3135                15675               15675               15675               47025               47025               47025               47025               0                   0                   0                   241395
and          0                   0                   0                   0                   0                   0                   0                   0                   0                   0                   0                   0                   2                   0                   0                   2
ante         0                   0                   0                   255                 255                 1275                1275                1275                3825                3825                3825                3825                0                   0                   0                   19635
arcu         0                   0                   0                   1710                1710                8550                8550                8550                25650               25650               25650               25650               0                   0                   0                   131670
at           0                   0                   0                   2565                2565                12825               12825               12825               38475               38475               38475               38475               0                   0                   0                   197505
auctor       0                   0                   0                   630                 630                 3150                3150                3150                9450                9450                9450                9450                0                   0                   0                   48510
augue        0                   0                   0                   915                 915                 4575                4575                4575                13725               13725               13725               13725               0                   0                   0                   70455
bibendum     0                   0                   0                   795                 795                 3975                3975                3975                11925               11925               11925               11925               0                   0                   0                   61215
blandit      0                   0                   0                   1080                1080                5400                5400                5400                16200               16200               16200               16200               0                   0                   0                   83160
commodo      0                   0                   0                   1050                1050                5250                5250                5250                15750               15750               15750               15750               0                   0                   0                   80850
condimentum  0                   0                   0                   675                 675                 3375                3375                3375                10125               10125               10125               10125               0                   0                   0                   51975
congue       0                   0                   0                   525                 525                 2625                2625                2625                7875                7875                7875                7875                0                   0                   0                   40425
consectetur  0                   0                   0                   1320                1320                6600                6600                6600                19800               19800               19800               19800               0                   0                   0                   101640
consequat    0                   0                   0                   885                 885                 4425                4425                4425                13275               13275               13275               13275               0                   0                   0                   68145
convallis    0                   0                   0                   645                 645                 3225                3225                3225                9675                9675                9675                9675                0                   0                   0                   49665
cras         0                   0                   0                   885                 885                 4425                4425                4425                13275               13275               13275               13275               0                   0                   0                   68145
cum          0                   0                   0                   195                 195                 975                 975                 975                 2925                2925                2925                2925                0                   0                   0                   15015
curabitur    0                   0                   0                   315                 315                 1575                1575                1575                4725                4725                4725                4725                0                   0                   0                   24255
cursus       0                   0                   0                   1170                1170                5850                5850                5850                17550               17550               17550               17550               0                   0                   0                   90090
dapibus      0                   0                   0                   150                 150                 750                 750                 750                 2250                2250                2250                2250                0                   0                   0                   11550
diam         0                   0                   0                   1845                1845                9225                9225                9225                27675               27675               27675               27675               0                   0                   0                   142065
dictum       0                   0                   0                   750                 750                 3750                3750                3750                11250               11250               11250               11250               0                   0                   0                   57750
dictumst     0                   0                   0                   270                 270                 1350                1350                1350                4050                4050                4050                4050                0                   0                   0                   20790
dignissim    0                   0                   0                   780                 780                 3900                3900                3900                11700               11700               11700               11700               0                   0                   0                   60060
dis          0                   0                   0                   165                 165                 825                 825                 825                 2475                2475                2475                2475                0                   0                   0                   12705
do           0                   0                   0                   15                  15                  75                  75                  75                  225                 225                 225                 225                 0                   0                   0                   1155
dolor        0                   0                   0                   1050                1050                5250                5250                5250                15750               15750               15750               15750               0                   0                   0                   80850
dolore       0                   0                   0                   15                  15                  75                  75                  75                  225                 225                 225                 225                 0                   0                   0                   1155
donec        0                   0                   0                   1155                1155                5775                5775                5775                17325               17325               17325               17325               0                   0                   0                   88935
dui          0                   0                   0                   1200                1200                6000                6000                6000                18000               18000               18000               18000               0                   0                   0                   92400
duis         0                   0                   0                   1020                1020                5100                5100                5100                15300               15300               15300               15300               0                   0                   0                   78540
egestas      0                   0                   0                   1950                1950                9750                9750                9750                29250               29250               29250               29250               0                   0                   0                   150150
eget         0                   0                   0                   2565                2565                12825               12825               12825               38475               38475               38475               38475               0                   0                   0                   197505
eiusmod      0                   0                   0                   15                  15                  75                  75                  75                  225                 225                 225                 225                 0                   0                   0                   1155
eleifend     0                   0                   0                   420                 420                 2100                2100                2100                6300                6300                6300                6300                0                   0                   0                   32340
elementum    0                   0                   0                   1290                1290                6450                6450                6450                19350               19350               19350               19350               0                   0                   0                   99330
elit         0                   0                   0                   1470                1470                7350                7350                7350                22050               22050               22050               22050               0                   0                   0                   113190
enim         0                   0                   0                   1965                1965                9825                9825                9825                29475               29475               29475               29475               0                   0                   0                   151305
erat         0                   0                   0                   750                 750                 3750                3750                3750                11250               11250               11250               11250               0                   0                   0                   57750
eros         0                   0                   0                   345                 345                 1725                1725                1725                5175                5175                5175                5175                0                   0                   0                   26565
est          0                   0                   0                   1245                1245                6225                6225                6225                18675               18675               18675               18675               0                   0                   0                   95865
et           0                   0                   0                   2190                2190                10950               10950               10950               32850               32850               32850               32850               0                   0                   0                   168630
etiam        0                   0                   0                   825                 825                 4125                4125                4125                12375               12375               12375               12375               0                   0                   0                   63525
eu           0                   0                   0                   2250                2250                11250               11250               11250               33750               33750               33750               33750               0                   0                   0                   173250
euismod      0                   0                   0                   645                 645                 3225                3225                3225                9675                9675                9675                9675                0                   0                   0                   49665
even         0                   0                   0                   0                   0                   0                   0                   0                   0                   0                   0                   0                   0                   0                   1                   1
facilisi     0                   0                   0                   540                 540                 2700                2700                2700                8100                8100                8100                8100                0                   0                   0                   41580
facilisis    0                   0                   0                   840                 840                 4200                4200                4200                12600               12600               12600               12600               0                   0                   0                   64680
fames        0                   0                   0                   405                 405                 2025                2025                2025                6075                6075                6075                6075                0                   0                   0                   31185
faucibus     0                   0                   0                   1425                1425                7125                7125                7125                21375               21375               21375               21375               0                   0                   0                   109725
felis        0                   0                   0                   750                 750                 3750                3750                3750                11250               11250               11250               11250               0                   0                   0                   57750
fermentum    0                   0                   0                   855                 855                 4275                4275                4275                12825               12825               12825               12825               0                   0                   0                   65835
feugiat      0                   0                   0                   1050                1050                5250                5250                5250                15750               15750               15750               15750               0                   0                   0                   80850
file         1                   0                   0                   0                   0                   0                   0                   0                   0                   0                   0                   0                   0                   0                   0                   1
fringilla    0                   0                   0                   510                 510                 2550                2550                2550                7650                7650                7650                7650                0                   0                   0                   39270
from         0                   0                   0                   0                   0                   0                   0                   0                   0                   0                   0                   0                   1                   1                   1                   3
fusce        0                   0                   0                   300                 300                 1500                1500                1500                4500                4500                4500                4500                0                   0                   0                   23100
gravida      0                   0                   0                   1020                1020                5100                5100                5100                15300               15300               15300               15300               0                   0                   0                   78540
habitant     0                   0                   0                   420                 420                 2100                2100                2100                6300                6300                6300                6300                0                   0                   0                   32340
habitasse    0                   0                   0                   210                 210                 1050                1050                1050                3150                3150                3150                3150                0                   0                   0                   16170
hac          0                   0                   0                   210                 210                 1050                1050                1050                3150                3150                3150                3150                0                   0                   0                   16170
heck         0                   0                   1                   0                   0                   0                   0                   0                   0                   0                   0                   0                   0                   0                   0                   1
hello        1                   0                   0                   0                   0                   0                   0                   0                   0                   0                   0                   0                   0                   0                   0                   1
help         0                   0                   0                   0                   0                   0                   0                   0                   0                   0                   0                   0                   1                   0                   0                   1
hendrerit    0                   0                   0                   450                 450                 2250                2250                2250                6750                6750                6750                6750                0                   0                   0                   34650
iaculis      0                   0                   0                   750                 750                 3750                3750                3750                11250               11250               11250               11250               0                   0                   0                   57750
id           0                   0                   0                   3030                3030                15150               15150               15150               45450               45450               45450               45450               0                   0                   0                   233310
imperdiet    0                   0                   0                   810                 810                 4050                4050                4050                12150               12150               12150               12150               0                   0                   0                   62370
in           0                   0                   0                   3630                3630                18150               18150               18150               54450               54450               54450               54450               0                   0                   0                   279510
incididunt   0                   0                   0                   15                  15                  75                  75                  75                  225                 225                 225                 225                 0                   0                   0                   1155
integer      0                   0                   0                   885                 885                 4425                4425                4425                13275               13275               13275               13275               0                   0                   0                   68145
interdum     0                   0                   0                   765                 765                 3825                3825                3825                11475               11475               11475               11475               0                   0                   0                   58905
ipsum        0                   0                   0                   1050                1050                5250                5250                5250                15750               15750               15750               15750               0                   0                   0                   80850
is           1                   1                   0                   0                   0                   0                   0                   0                   0                   0                   0                   0                   1                   1                   1                   5
justo        0                   0                   0                   735                 735                 3675                3675                3675                11025               11025               11025               11025               0                   0                   0                   56595
labore       0                   0                   0                   15                  15                  75                  75                  75                  225                 225                 225                 225                 0                   0                   0                   1155
lacinia      0                   0                   0                   285                 285                 1425                1425                1425                4275                4275                4275                4275                0                   0                   0                   21945
lacus        0                   0                   0                   1485                1485                7425                7425                7425                22275               22275               22275               22275               0                   0                   0                   114345
laoreet      0                   0                   0                   570                 570                 2850                2850                2850                8550                8550                8550                8550                0                   0                   0                   43890
lectus       0                   0                   0                   1395                1395                6975                6975                6975                20925               20925               20925               20925               0                   0                   0                   107415
leo          0                   0                   0                   1065                1065                5325                5325                5325                15975               15975               15975               15975               0                   0                   0                   82005
libero       0                   0                   0                   720                 720                 3600                3600                3600                10800               10800               10800               10800               0                   0                   0                   55440
ligula       0                   0                   0                   90                  90                  450                 450                 450                 1350                1350                1350                1350                0                   0                   0                   6930
lobortis     0                   0                   0                   465                 465                 2325                2325                2325                6975                6975                6975                6975                0                   0                   0                   35805
lorem        0                   0                   0                   1140                1140                5700                5700                5700                17100               17100               17100               17100               0                   0                   0                   87780
luctus       0                   0                   0                   300                 300                 1500                1500                1500                4500                4500                4500                4500                0                   0                   0                   23100
maecenas     0                   0                   0                   990                 990                 4950                4950                4950                14850               14850               14850               14850               0                   0                   0                   76230
magna        0                   0                   0                   1020                1020                5100                5100                5100                15300               15300               15300               15300               0                   0                   0                   78540
magnis       0                   0                   0                   180                 180                 900                 900                 900                 2700                2700                2700                2700                0                   0                   0                   13860
malesuada    0                   0                   0                   1035                1035                5175                5175                5175                15525               15525               15525               15525               0                   0                   0                   79695
massa        0                   0                   0                   1890                1890                9450                9450                9450                28350               28350               28350               28350               0                   0                   0                   145530
mattis       0                   0                   0                   1035                1035                5175                5175                5175                15525               15525               15525               15525               0                   0                   0                   79695
mauris       0                   0                   0                   1710                1710                8550                8550                8550                25650               25650               25650               25650               0                   0                   0                   131670
metus        0                   0                   0                   465                 465                 2325                2325                2325                6975                6975                6975                6975                0                   0                   0                   35805
mi           0                   0                   0                   1215                1215                6075                6075                6075                18225               18225               18225               18225               0                   0                   0                   93555
molestie     0                   0                   0                   645                 645                 3225                3225                3225                9675                9675                9675                9675                0                   0                   0                   49665
mollis       0                   0                   0                   315                 315                 1575                1575                1575                4725                4725                4725                4725                0                   0                   0                   24255
montes       0                   0                   0                   150                 150                 750                 750                 750                 2250                2250                2250                2250                0                   0                   0                   11550
morbi        0                   0                   0                   1575                1575                7875                7875                7875                23625               23625               23625               23625               0                   0                   0                   121275
more         0                   0                   0                   0                   0                   0                   0                   0                   0                   0                   0                   0                   16                  1                   1                   18
mus          0                   0                   0                   180                 180                 900                 900                 900                 2700                2700                2700                2700                0                   0                   0                   13860
nam          0                   0                   0                   465                 465                 2325                2325                2325                6975                6975                6975                6975                0                   0                   0                   35805
nascetur     0                   0                   0                   180                 180                 900                 900                 900                 2700                2700                2700                2700                0                   0                   0                   13860
natoque      0                   0                   0                   165                 165                 825                 825                 825                 2475                2475                2475                2475                0                   0                   0                   12705
nec          0                   0                   0                   1200                1200                6000                6000                6000                18000               18000               18000               18000               0                   0                   0                   92400
neque        0                   0                   0                   1125                1125                5625                5625                5625                16875               16875               16875               16875               0                   0                   0                   86625
netus        0                   0                   0                   375                 375                 1875                1875                1875                5625                5625                5625                5625                0                   0                   0                   28875
nibh         0                   0                   0                   1380                1380                6900                6900                6900                20700               20700               20700               20700               0                   0                   0                   106260
nisi         0                   0                   0                   840                 840                 4200                4200                4200                12600               12600               12600               12600               0                   0                   0                   64680
nisl         0                   0                   0                   1110                1110                5550                5550                5550                16650               16650               16650               16650               0                   0                   0                   85470
non          0                   0                   0                   1815                1815                9075                9075                9075                27225               27225               27225               27225               0                   0                   0                   139755
nulla        0                   0                   0                   1575                1575                7875                7875                7875                23625               23625               23625               23625               0                   0                   0                   121275
nullam       0                   0                   0                   390                 390                 1950                1950                1950                5850                5850                5850                5850                0                   0                   0                   30030
nunc         0                   0                   0                   2385                2385                11925               11925               11925               35775               35775               35775               35775               0                   0                   0                   183645
odio         0                   0                   0                   1530                1530                7650                7650                7650                22950               22950               22950               22950               0                   0                   0                   117810
one          0                   1                   0                   0                   0                   0                   0                   0                   0                   0                   0                   0                   1                   0                   0                   2
orci         0                   0                   0                   1230                1230                6150                6150                6150                18450               18450               18450               18450               0                   0                   0                   94710
ornare       0                   0                   0                   1125                1125                5625                5625                5625                16875               16875               16875               16875               0                   0                   0                   86625
parturient   0                   0                   0                   165                 165                 825                 825                 825                 2475                2475                2475                2475                0                   0                   0                   12705
pellentesque 0                   0                   0                   1920                1920                9600                9600                9600                28800               28800               28800               28800               0                   0                   0                   147840
penatibus    0                   0                   0                   150                 150                 750                 750                 750                 2250                2250                2250                2250                0                   0                   0                   11550
pharetra     0                   0                   0                   1155                1155                5775                5775                5775                17325               17325               17325               17325               0                   0                   0                   88935
phasellus    0                   0                   0                   405                 405                 2025                2025                2025                6075                6075                6075                6075                0                   0                   0                   31185
placerat     0                   0                   0                   645                 645                 3225                3225                3225                9675                9675                9675                9675                0                   0                   0                   49665
platea       0                   0                   0                   195                 195                 975                 975                 975                 2925                2925                2925                2925                0                   0                   0                   15015
porta        0                   0                   0                   435                 435                 2175                2175                2175                6525                6525                6525                6525                0                   0                   0                   33495
porttitor    0                   0                   0                   585                 585                 2925                2925                2925                8775                8775                8775                8775                0                   0                   0                   45045
posuere      0                   0                   0                   735                 735                 3675                3675                3675                11025               11025               11025               11025               0                   0                   0                   56595
potenti      0                   0                   0                   45                  45                  225                 225                 225                 675                 675                 675                 675                 0                   0                   0                   3465
praesent     0                   0                   0                   300                 300                 1500                1500                1500                4500                4500                4500                4500                0                   0                   0                   23100
pretium      0                   0                   0                   915                 915                 4575                4575                4575                13725               13725               13725               13725               0                   0                   0                   70455
pretty       0                   1                   0                   0                   0                   0                   0                   0                   0                   0                   0                   0                   0                   0                   0                   1
proin        0                   0                   0                   705                 705                 3525                3525                3525                10575               10575               10575               10575               0                   0                   0                   54285
pulvinar     0                   0                   0                   915                 915                 4575                4575                4575                13725               13725               13725               13725               0                   0                   0                   70455
purus        0                   0                   0                   1425                1425                7125                7125                7125                21375               21375               21375               21375               0                   0                   0                   109725
quam         0                   0                   0                   1260                1260                6300                6300                6300                18900               18900               18900               18900               0                   0                   0                   97020
quis         0                   0                   0                   2010                2010                10050               10050               10050               30150               30150               30150               30150               0                   0                   0                   154770
quisque      0                   0                   0                   660                 660                 3300                3300                3300                9900                9900                9900                9900                0                   0                   0                   50820
rhoncus      0                   0                   0                   600                 600                 3000                3000                3000                9000                9000                9000                9000                0                   0                   0                   46200
ridiculus    0                   0                   0                   195                 195                 975                 975                 975                 2925                2925                2925                2925                0                   0                   0                   15015
risus        0                   0                   0                   1650                1650                8250                8250                8250                24750               24750               24750               24750               0                   0                   0                   127050
rutrum       0                   0                   0                   345                 345                 1725                1725                1725                5175                5175                5175                5175                0                   0                   0                   26565
sagittis     0                   0                   0                   810                 810                 4050                4050                4050                12150               12150               12150               12150               0                   0                   0                   62370
sapien       0                   0                   0                   765                 765                 3825                3825                3825                11475               11475               11475               11475               0                   0                   0                   58905
scelerisque  0                   0                   0                   1290                1290                6450                6450                6450                19350               19350               19350               19350               0                   0                   0                   99330
sed          0                   0                   0                   4170                4170                20850               20850               20850               62550               62550               62550               62550               0                   0                   0                   321090
sem          0                   0                   0                   735                 735                 3675                3675                3675                11025               11025               11025               11025               0                   0                   0                   56595
semper       0                   0                   0                   705                 705                 3525                3525                3525                10575               10575               10575               10575               0                   0                   0                   54285
senectus     0                   0                   0                   375                 375                 1875                1875                1875                5625                5625                5625                5625                0                   0                   0                   28875
sit          0                   0                   0                   3195                3195                15975               15975               15975               47925               47925               47925               47925               0                   0                   0                   246015
sociis       0                   0                   0                   165                 165                 825                 825                 825                 2475                2475                2475                2475                0                   0                   0                   12705
sodales      0                   0                   0                   360                 360                 1800                1800                1800                5400                5400                5400                5400                0                   0                   0                   27720
sollicitudin 0                   0                   0                   690                 690                 3450                3450                3450                10350               10350               10350               10350               0                   0                   0                   53130
some         0                   0                   0                   0                   0                   0                   0                   0                   0                   0                   0                   0                   2                   1                   0                   3
stuff        0                   0                   0                   0                   0                   0                   0                   0                   0                   0                   0                   0                   0                   1                   1                   2
suscipit     0                   0                   0                   225                 225                 1125                1125                1125                3375                3375                3375                3375                0                   0                   0                   17325
suspendisse  0                   0                   0                   720                 720                 3600                3600                3600                10800               10800               10800               10800               0                   0                   0                   55440
tellus       0                   0                   0                   1695                1695                8475                8475                8475                25425               25425               25425               25425               0                   0                   0                   130515
tempor       0                   0                   0                   900                 900                 4500                4500                4500                13500               13500               13500               13500               0                   0                   0                   69300
tempus       0                   0                   0                   705                 705                 3525                3525                3525                10575               10575               10575               10575               0                   0                   0                   54285
text         1                   0                   0                   0                   0                   0                   0                   0                   0                   0                   0                   0                   1                   0                   0                   2
textfile     0                   0                   0                   0                   0                   0                   0                   0                   0                   0                   0                   0                   1                   1                   1                   3
the          0                   0                   1                   0                   0                   0                   0                   0                   0                   0                   0                   0                   0                   0                   0                   1
this         1                   1                   0                   0                   0                   0                   0                   0                   0                   0                   0                   0                   1                   1                   1                   5
three        0                   0                   0                   0                   0                   0                   0                   0                   0                   0                   0                   0                   0                   0                   1                   1
tincidunt    0                   0                   0                   1545                1545                7725                7725                7725                23175               23175               23175               23175               0                   0                   0                   118965
tortor       0                   0                   0                   1425                1425                7125                7125                7125                21375               21375               21375               21375               0                   0                   0                   109725
tough        0                   1                   0                   0                   0                   0                   0                   0                   0                   0                   0                   0                   0                   0                   0                   1
tristique    0                   0                   0                   1170                1170                5850                5850                5850                17550               17550               17550               17550               0                   0                   0                   90090
turpis       0                   0                   0                   1560                1560                7800                7800                7800                23400               23400               23400               23400               0                   0                   0                   120120
two          0                   0                   0                   0                   0                   0                   0                   0                   0                   0                   0                   0                   0                   1                   0                   1
ullamcorper  0                   0                   0                   825                 825                 4125                4125                4125                12375               12375               12375               12375               0                   0                   0                   63525
ultrices     0                   0                   0                   1290                1290                6450                6450                6450                19350               19350               19350               19350               0                   0                   0                   99330
ultricies    0                   0                   0                   960                 960                 4800                4800                4800                14400               14400               14400               14400               0                   0                   0                   73920
urna         0                   0                   0                   1365                1365                6825                6825                6825                20475               20475               20475               20475               0                   0                   0                   105105
ut           0                   0                   0                   2775                2775                13875               13875               13875               41625               41625               41625               41625               0                   0                   0                   213675
varius       0                   0                   0                   780                 780                 3900                3900                3900                11700               11700               11700               11700               0                   0                   0                   60060
vehicula     0                   0                   0                   90                  90                  450                 450                 450                 1350                1350                1350                1350                0                   0                   0                   6930
vel          0                   0                   0                   1590                1590                7950                7950                7950                23850               23850               23850               23850               0                   0                   0                   122430
velit        0                   0                   0                   1290                1290                6450                6450                6450                19350               19350               19350               19350               0                   0                   0                   99330
venenatis    0                   0                   0                   780                 780                 3900                3900                3900                11700               11700               11700               11700               0                   0                   0                   60060
vestibulum   0                   0                   0                   810                 810                 4050                4050                4050                12150               12150               12150               12150               0                   0                   0                   62370
vitae        0                   0                   0                   2565                2565                12825               12825               12825               38475               38475               38475               38475               0                   0                   0                   197505
vivamus      0                   0                   0                   285                 285                 1425                1425                1425                4275                4275                4275                4275                0                   0                   0                   21945
viverra      0                   0                   0                   2175                2175                10875               10875               10875               32625               32625               32625               32625               0                   0                   0                   167475
volutpat     0                   0                   0                   1410                1410                7050                7050                7050                21150               21150               21150               21150               0                   0                   0                   108570
vulputate    0                   0                   0                   1155                1155                5775                5775                5775                17325               17325               17325               17325               0                   0                   0                   88935
well         0                   1                   0                   0                   0                   0                   0                   0                   0                   0                   0                   0                   0                   0                   0                   1
what         0                   0                   1                   0                   0                   0                   0                   0                   0                   0                   0                   0                   0                   0                   0                   1
